PWMODEL
num_parts 9
hip.txt transform 1 0 0 0 0 1 0 0 0 0 1 0 0 0 0 1 num_group_end 0
tail1.txt transform 1 0 0 0 0 0.939693 -0.34202 0 0 0.34202 0.939693 0 0 0 -1.75 1 num_group_end 0	
tail2.txt transform 1 0 0 0 0 0.939693 -0.34202 0 0 0.34202 0.939693 0 0 0 -3.75 1 num_group_end 0
tail3.txt transform 1 0 0 0 0 0.939693 0.34202 0 0 -0.34202 0.939693 0 0 0.5 -2.75 1 num_group_end 3
chest.txt transform 1 0 0 0 0 0.984808 -0.173648 0 0 0.173648 0.984808 0 0 0 2 1 num_group_end 0
neck1.txt transform 1 0 0 0 0 0.866025 -0.5 0 0 0.5 0.866025 0 0 0 3 1 num_group_end 0
neck2.txt transform 1 0 0 0 0 0.866025 -0.5 0 0 0.5 0.866025 0 0 0 2 1 num_group_end 0
neck3.txt transform 1 0 0 0 0 0.939693 -0.34202 0 0 0.34202 0.939693 0 0 0 2 1 num_group_end 0
head.txt transform 1 0 0 0 0 0.707107 0.707107 0 0 -0.707107 0.707107 0 0 0 2 1 num_group_end 5


